%YAML:1.0
depthShift: -1.8268310056265818e+01
