%YAML:1.0
cameraMatrix: !!opencv-matrix
   rows: 3
   cols: 3
   dt: d
   data: [ 3.6437382123589327e+02, 0., 2.5364572871521344e+02, 0.,
       3.6431189322785463e+02, 2.0663282813882518e+02, 0., 0., 1. ]
distortionCoefficients: !!opencv-matrix
   rows: 1
   cols: 5
   dt: d
   data: [ 9.1996328968164440e-02, -2.9264371654381915e-01,
       2.9463914169147346e-04, -2.3303011443551118e-04,
       1.2571030240269523e-01 ]
rotation: !!opencv-matrix
   rows: 3
   cols: 3
   dt: d
   data: [ 1., 0., 0., 0., 1., 0., 0., 0., 1. ]
projection: !!opencv-matrix
   rows: 4
   cols: 4
   dt: d
   data: [ 3.6437382123589327e+02, 0., 2.5364572871521344e+02, 0., 0.,
       3.6431189322785463e+02, 2.0663282813882518e+02, 0., 0., 0., 1.,
       0., 0., 0., 0., 1. ]
