%YAML:1.0
rotation: !!opencv-matrix
   rows: 3
   cols: 3
   dt: d
   data: [ 9.9993494824379525e-01, -1.0227644483592188e-02,
       -5.0492146909984085e-03, 1.0206521966414587e-02,
       9.9993912718241962e-01, -4.1915198926023309e-03,
       5.0917767063810267e-03, 4.1397123062153476e-03,
       9.9997846806418489e-01 ]
translation: !!opencv-matrix
   rows: 3
   cols: 1
   dt: d
   data: [ -7.0734921154744820e-02, 8.5446224707324615e-04,
       6.7024967354036456e-03 ]
essential: !!opencv-matrix
   rows: 3
   cols: 3
   dt: d
   data: [ -6.4058449193589824e-05, -6.6985515076631325e-03,
       8.8253749724353234e-04, 7.0622271500834794e-03,
       2.2427146982132373e-04, 7.0699555749979853e-02,
       -1.5763641893619704e-03, -7.0721876184705088e-02,
       3.0080119245259613e-04 ]
fundamental: !!opencv-matrix
   rows: 3
   cols: 3
   dt: d
   data: [ -4.1886917102412464e-08, -4.3808329777442931e-06,
       1.1261207642727510e-03, 4.6188512415748114e-06,
       1.4670338684593073e-07, 1.5646436631809077e-02,
       -3.5207036872554704e-03, -4.4757559926764529e-02, 1. ]
