%YAML:1.0
depthShift: -2.2196855624893200e+01
