image_width: 640
image_height: 480
camera_name: rgb_PS1080_PrimeSense
camera_matrix:
  rows: 3
  cols: 3
  data: [537.0741337338711, 0, 319.2859487249685, 0, 537.3242327954389, 245.9170699116019, 0, 0, 1]
distortion_model: plumb_bob
distortion_coefficients:
  rows: 1
  cols: 5
  data: [0.04564334445200634, -0.1253721041795043, 0.002273502040909805, -0.0002226327854211575, 0]
rectification_matrix:
  rows: 3
  cols: 3
  data: [1, 0, 0, 0, 1, 0, 0, 0, 1]
projection_matrix:
  rows: 3
  cols: 4
  data: [536.4620971679688, 0, 318.6305932454343, 0, 0, 538.3399658203125, 246.1497238708253, 0, 0, 0, 1, 0]